1 1 1
1 499 144
121986 133554 344
161747 163682 339
191262 188365 360
203114 202937 311
212102 211092 311
220542 214456 386
227948 234655 443
242242 242257 169
249691 248416 350
267036 263858 332
269511 269516 239
282188 280694 358
287656 288438 327
302273 297188 371
305437 304690 278
313124 317385 353
319625 319415 322
358589 358629 198
362931 362461 273
368402 368749 317
372426 376104 361
378207 378629 255
387709 387821 299
393796 394530 361
404219 404876 312
420087 420143 281
429671 427056 374
431803 431822 281
433247 434594 343
452618 443967 387
455839 455860 219
465492 463452 369
478306 478028 351
478604 479193 338
483191 482238 351
486102 486323 245
489637 488552 351
493016 496976 395
503463 503406 214
517162 516967 302
524253 524155 227
525812 527233 408
537843 537958 196
540253 539614 346
581189 581188 46
581712 581524 297
585877 587458 359
590269 604189 403
605445 605301 341
609691 608512 359
612347 612942 310
621163 622014 372
623140 622893 248
627921 627938 191
631257 630585 310
637363 637283 217
644333 644561 248
645964 645770 310
648024 649279 385
653540 653203 248
654573 654616 248
655471 655793 323
658372 663010 354
665680 665967 336
669825 669771 248
999789 999999 259
133554 121986 344
148506 150869 370
160014 160331 290
163682 161747 339
188365 191262 360
202937 203114 311
539614 540253 346
541915 542602 346
544058 544386 302
544919 545019 209
553075 552475 315
557197 554233 390
566601 565815 284
568153 568183 222
581524 581712 297
587458 585877 359
604189 590269 403
622893 623140 248
627938 627921 191
630585 631257 310
637283 637363 217
644561 644333 248
645770 645964 310
649279 648024 385
653203 653540 248
654616 654573 248
655793 655471 323
663010 658372 354
665967 665680 336
669771 669825 248
999999 999789 259
999999 999999 259
